22
 
C 2.22549 0.53315 0.47606
H -4.91616 0.67926 1.63516
H -2.72919 1.04352 0.84376
H 3.15837 0.15173 0.05238
H 2.20980 1.61753 0.32230
H -5.98275 -0.15591 0.56894
H -3.43449 -1.56301 -1.44084
H -1.47751 -1.39601 -0.12720
H -1.50742 -0.10695 -1.35634
H -0.38879 1.44761 0.25560
H -0.35392 0.16532 1.47267
H -5.00737 -1.87361 -0.80271
H 1.03664 0.03959 -1.26296
N -5.03805 0.08017 0.83278
N -4.15720 -1.33115 -0.77718
C -3.98514 -0.34904 0.11730
C -1.51837 -0.31088 -0.27737
C -0.31766 0.35961 0.39311
C 1.01659 -0.14063 -0.18019
H 2.24933 0.34642 1.55502
H 1.08202 -1.22815 -0.04470
N -2.78072 0.18828 0.30561
