21
 
C 2.26786 0.58355 0.23263
H 1.08386 -1.16471 0.70115
H 2.30588 0.98636 1.25123
C 1.02953 -0.29570 0.03155
C -0.28506 0.45396 0.28101
C -1.52183 -0.42245 0.07453
C -4.00634 -0.19865 0.08332
N -4.10341 -0.81528 -1.16964
N -4.92801 -0.09607 0.97206
H 1.02928 -0.69935 -0.99049
N -2.74573 0.34002 0.34719
H -0.28703 0.84688 1.30845
H -0.35415 1.32652 -0.38141
H -1.54987 -0.77901 -0.95968
H -1.45454 -1.32093 0.71066
H -3.59111 -0.34538 -1.90667
H -5.05274 -1.02696 -1.44591
H -5.82971 -0.40155 0.60166
H 2.26638 1.43376 -0.45885
H 3.19049 0.01846 0.06392
H -2.76385 0.72132 1.28779