20
 
C 1.42202 0.34260 0.48121
H 1.43466 0.12755 1.55515
C 0.18846 -0.26289 -0.19481
C -1.12679 0.27973 0.38339
C -2.36442 -0.33299 -0.29723
C -3.65276 0.22285 0.29419
N -4.87777 -0.39716 -0.38960
H 0.21999 -0.05901 -1.27324
H 0.20663 -1.35549 -0.08575
H -1.16518 0.07487 1.46153
H -1.15298 1.37193 0.27075
H -2.33045 -0.12272 -1.37515
H -2.34300 -1.42524 -0.17779
H -3.75831 -0.00468 1.35751
H -3.74722 1.30202 0.15208
H -4.88337 -1.41676 -0.27248
H -5.75910 -0.03299 -0.01093
H 2.34040 -0.06521 0.05015
H 1.45114 1.43058 0.35672
H -4.86727 -0.20792 -1.39816
