18
 
C -1.35290 0.06586 -0.40430
H -1.17953 -0.61997 -1.24019
C -0.43342 -0.27102 0.78348
C 1.03816 -0.18871 0.43301
C 1.73480 1.02325 0.53382
C 3.08159 1.10984 0.17810
C 3.75789 -0.02003 -0.28578
C 3.07713 -1.23413 -0.39032
C 1.73005 -1.31464 -0.03365
H -0.65213 0.41318 1.61273
H -0.66618 -1.28012 1.14484
H 1.21644 1.90711 0.89942
H 3.60356 2.05871 0.26838
H 4.80724 0.04431 -0.55976
H 3.59550 -2.12099 -0.74514
H 1.20800 -2.26567 -0.11398
H -2.40763 -0.00624 -0.11750
H -1.16800 1.08233 -0.76737
