22
 
C 2.00246 0.07253 0.42018
H 2.06887 -0.61488 1.26985
C 1.22119 -0.56957 -0.74095
C -0.19848 -0.92025 -0.39245
C -0.69398 -2.16706 -0.10513
N -2.04233 -2.08804 0.20179
C -2.45028 -0.77344 0.10970
C -3.70794 -0.19400 0.31096
C -3.81758 1.18081 0.13464
C -2.70294 1.96116 -0.23554
C -1.45613 1.38097 -0.43370
C -1.31013 -0.00693 -0.26121
H 1.22717 0.11621 -1.59915
H 1.74621 -1.47317 -1.07497
H -0.18556 -3.12170 -0.09407
H -2.63410 -2.86977 0.42913
H -4.56842 -0.79482 0.59331
H -4.78047 1.66155 0.28239
H -2.82508 3.03244 -0.36773
H -0.60521 1.99258 -0.72189
H 3.02054 0.33550 0.11228
H 1.50921 0.98397 0.77331

