19
 
C -1.76731 0.06704 -0.45712
H -1.52938 -0.59523 -1.29627
C -0.92738 -0.29143 0.78182
C 0.56442 -0.18409 0.54097
C 1.23072 1.04559 0.65599
C 2.59311 1.16623 0.39822
C 3.32838 0.03956 0.01463
C 2.68750 -1.19698 -0.10282
C 1.32031 -1.29799 0.15940
O 4.66570 0.20910 -0.22557
H -1.21334 0.36699 1.61183
H -1.17275 -1.31193 1.10043
H 0.67165 1.92858 0.95792
H 3.10335 2.11938 0.49311
H 3.25451 -2.07966 -0.39325
H 0.83618 -2.26763 0.06707
H 5.04846 -0.63953 -0.48477
H -2.83884 -0.02151 -0.24675
H -1.56933 1.09413 -0.78163
