27

N 2.44501070 1.86250620 -0.37100050
C 2.27230300 0.59415860 0.30858300
H 2.24534810 0.76908270 1.39137150
C 1.01802750 -0.24838800 -0.07996010
C -0.29857490 0.41269240 0.34911830
C -1.51180190 -0.40965530 -0.09471210
N -2.76212300 0.22274770 0.37689300
C -3.99228790 -0.08488210 -0.03595050
N -4.19644350 -1.13218630 -0.84768220
N -5.04190980 0.66277100 0.34815630
C 3.50095320 -0.26253970 0.00915640
O 4.12116940 -0.22537560 -1.02956410
O 3.78009360 -1.11388680 1.01989850
H 2.73858510 1.74394260 -1.33622810
H 1.64759040 2.48330910 -0.30844230
H 1.02964700 -0.39745970 -1.16780880
H 1.09510360 -1.23690490 0.39133360
H -0.31204610 0.51698720 1.44349470
H -0.37870640 1.41883700 -0.08160250
H -1.54632590 -0.46481940 -1.18874270
H -1.44294630 -1.42839630 0.30881740
H -2.67822220 0.89771000 1.12720310
H -3.47014680 -1.81019320 -1.02428000
H -5.08677110 -1.27900850 -1.30074660
H -5.99111170 0.34509630 0.21533990
H 4.55063680 -1.64853620 0.75730670
H -4.91341100 1.55462120 0.80388820