20
 
C 0.11672 -0.22565 0.05198
C 1.40448 0.43355 -0.44328
H -1.87305 2.46771 -0.25362
H -1.31120 1.87438 1.15436
H 3.87590 1.15099 -0.86947
H 4.70280 -0.08548 0.02595
O -3.12618 0.02841 0.92476
O 2.63338 -1.23197 0.82683
O -2.58613 -1.31313 -0.80587
C -2.38926 -0.23938 -0.00129
C 2.65984 -0.25449 0.08722
H -3.36771 -1.78820 -0.47414
C -1.14050 0.55640 -0.39432
N -1.12820 1.90764 0.15293
N 3.84087 0.29567 -0.33683
H -1.13686 0.62757 -1.48953
H 0.05921 -1.25535 -0.31210
H 0.13313 -0.28348 1.14677
H 1.44097 0.42358 -1.54188
H 1.41555 1.48867 -0.14459