19
 
N 1.22463 1.79044 -0.23888
C 1.11600 0.46040 0.34582
H 1.12360 0.56154 1.43842
C -0.21243 -0.21053 -0.07563
C -1.42462 0.55708 0.45453
C -2.73379 0.05396 -0.10468
O -2.87194 -0.68382 -1.05886
O -3.79552 0.54733 0.58572
C 2.28243 -0.46092 -0.02684
O 3.03564 -0.29343 -0.96260
O 2.37972 -1.52294 0.81076
H 1.98847 2.31167 0.18318
H 1.43873 1.71637 -1.23176
H -0.25848 -0.25901 -1.16970
H -0.23282 -1.24304 0.28766
H -1.47994 0.51926 1.54902
H -1.33701 1.61889 0.19178
H -4.59836 0.20780 0.15428
H 3.11472 -2.07783 0.49675
