21
 
C -2.31105 -1.40036 -0.38698
C -3.17223 0.56120 0.23365
C 0.17976 -0.58189 -0.62788
H -1.21867 1.51607 0.22528
H 1.02507 2.15750 1.12813
H 1.09597 2.11895 -0.48955
C -1.28717 -0.49197 -0.32875
O 3.21996 0.91783 -0.49475
O 2.94830 -1.18209 0.31006
C 2.53083 0.05986 0.00638
H 3.88803 -1.26714 0.06611
C 1.04714 0.25308 0.35402
N 0.65116 1.67132 0.31447
N -3.46562 -0.71813 -0.03713
N -1.86130 0.71024 0.05579
H 0.88896 -0.12629 1.36963
H 0.49276 -1.62841 -0.59840
H 0.35946 -0.22175 -1.65047
H -2.31995 -2.44775 -0.64476
H -3.87272 1.32285 0.54133
H -4.39525 -1.11860 0.00860