22
 
N 0.33826 1.93810 0.12181
C 0.37063 0.50934 0.43972
H 0.30784 0.39640 1.52778
C -0.85192 -0.20777 -0.20655
H -0.84989 0.08630 -1.26738
C -0.74211 -1.73972 -0.13267
C -2.15761 0.30457 0.43839
C -3.41692 0.03057 -0.39476
C 1.67891 -0.13295 -0.02475
O 2.19769 0.05778 -1.10688
O 2.22970 -0.94859 0.90873
H 1.00409 2.45486 0.69036
H 0.60145 2.07810 -0.85197
H 0.11818 -2.12095 -0.69290
H -0.64667 -2.08039 0.90564
H -1.63397 -2.21072 -0.55658
H -2.26279 -0.15937 1.43038
H -2.06297 1.38319 0.59844
H -3.35571 0.52887 -1.36966
H -3.57460 -1.03833 -0.57609
H -4.30943 0.41041 0.11486
H 3.04359 -1.31994 0.52448   