22
 
N -0.50544 1.75378 -0.63020
C -0.54426 0.31088 -0.43050
H -0.40900 -0.17786 -1.40152
C 0.58998 -0.14292 0.52057
C 2.01798 0.14828 0.01537
C 3.03277 -0.16029 1.12891
C 2.35938 -0.63512 -1.26156
C -1.88046 -0.18283 0.13149
O -2.68327 0.49756 0.73683
O -2.07964 -1.50502 -0.10408
H -1.16259 2.03609 -1.35285
H -0.79568 2.22888 0.22254
H 0.44133 0.36454 1.48450
H 0.48381 -1.21892 0.71062
H 2.07287 1.21888 -0.21682
H 2.83181 0.43107 2.02985
H 2.99984 -1.22094 1.41151
H 4.05464 0.06381 0.80221
H 1.70741 -0.36603 -2.09925
H 3.38937 -0.43077 -1.57505
H 2.27115 -1.71716 -1.09688
H -2.92600 -1.74921 0.30903