24
 
N 1.60193 1.85797 0.29191
C 1.41236 0.42171 0.46619
H 1.35961 0.20125 1.53986
C 0.15952 -0.20133 -0.21428
C -1.16673 0.29118 0.38080
C -2.39097 -0.35058 -0.28639
C -3.72061 0.12164 0.30786
N -4.85116 -0.50200 -0.39127
C 2.64516 -0.27868 -0.08289
O 3.32122 0.12044 -1.00786
O 2.88965 -1.45459 0.54534
H 1.92925 2.06122 -0.64963
H 0.74494 2.37316 0.46330
H 0.19649 0.02496 -1.28856
H 0.21025 -1.29355 -0.11178
H -1.17928 0.07723 1.45955
H -1.24101 1.38349 0.27983
H -2.39363 -0.13478 -1.36233
H -2.32341 -1.44473 -0.18935
H -3.71694 -0.06713 1.39660
H -3.81028 1.20752 0.17664
H -4.86510 -1.50755 -0.23637
H -5.73800 -0.13364 -0.05858
H 3.65502 -1.86204 0.10404