25
 
N 1.62596 1.84086 0.26279
C 1.42210 0.41628 0.44962
H 1.41461 0.19725 1.52432
C 0.13950 -0.20050 -0.18560
C -1.15571 0.30205 0.46654
C -2.40675 -0.27368 -0.22469
C -3.68683 0.18202 0.46602
N -4.91927 -0.37589 -0.25482
C 2.62032 -0.30431 -0.16384
O 3.18989 0.05785 -1.16872
O 2.93447 -1.43034 0.51219
H 1.87940 2.06924 -0.69419
H 0.85235 2.41370 0.57706
H 0.13857 0.03573 -1.25785
H 0.18623 -1.29358 -0.08969
H -1.16186 0.02330 1.52912
H -1.19849 1.39817 0.42155
H -2.41681 0.04665 -1.27581
H -2.35498 -1.37116 -0.21796
H -3.75566 -0.17653 1.49601
H -3.80357 1.26845 0.46000
H -4.89426 -1.40157 -0.28344
H -5.79393 -0.09714 0.20371
H 3.68356 -1.85497 0.05713
H -4.95672 -0.04593 -1.22604