20
 
N 1.21969 1.88477 0.11403
C 1.24450 0.46352 0.43408
H 1.19034 0.35215 1.52398
C 0.02563 -0.26093 -0.18948
C -1.29804 0.24928 0.38454
S -2.70545 -0.60236 -0.43585
C -4.09556 0.25606 0.38114
C 2.52709 -0.23506 -0.02919
O 3.28109 0.18206 -0.88365
O 2.73428 -1.40936 0.61661
H 1.90925 2.39067 0.66364
H 1.47247 2.02299 -0.86277
H 0.04371 -0.10454 -1.27609
H 0.11902 -1.33824 -0.01489
H -1.34266 0.05247 1.46281
H -1.38173 1.32760 0.22569
H -4.09021 0.08127 1.46126
H -4.06953 1.33116 0.18022
H -5.01612 -0.15847 -0.03707
H 3.54159 -1.80710 0.24675