23
 
C 1.80251 1.00905 0.67614
C 1.67896 -1.26240 -0.12177
C 3.15781 1.05796 0.33244
C 3.03164 -1.21837 -0.46528
C 3.77612 -0.05550 -0.24080
C -0.42971 -0.19675 0.79356
H -1.63033 2.07417 -0.55315
H -0.22063 1.56385 -1.25822
C 1.04303 -0.14927 0.45241
O -3.50124 0.81484 0.36078
O -3.19690 -1.39011 0.00103
C -2.79050 -0.09742 -0.00565
H -4.10634 -1.40485 0.34660
C -1.34565 0.04877 -0.45526
N -1.20004 1.33933 -1.10974
H -0.67906 -1.17578 1.22078
H -0.66808 0.56270 1.54776
H 1.33280 1.87549 1.13589
H 1.11031 -2.17372 -0.29439
H -1.13887 -0.74368 -1.18307
H 3.72854 1.96376 0.51830
H 3.50577 -2.09250 -0.90329
H 4.82920 -0.02075 -0.50527