27
 
C 1.61634 1.43435 0.26723
C 0.62000 -2.08162 0.23942
C 3.76630 -0.35815 -0.28064
C 2.90803 1.90266 0.05221
C 3.97364 1.01632 -0.21994
C -1.20163 -0.38015 0.76542
H 2.51488 -2.95053 -0.20057
H -1.97985 2.04452 -1.43468
H -2.18389 2.22689 0.17372
C 0.20270 -0.78120 0.40842
O -4.27246 0.86994 0.32800
O -3.90156 -1.20722 -0.46456
C -3.50732 0.04951 -0.13635
H -4.84565 -1.28247 -0.24109
C -2.01514 0.27691 -0.39333
N -1.68125 1.68880 -0.53040
C 1.37426 0.04731 0.22017
C 2.46486 -0.82526 -0.05623
N 1.97292 -2.11588 -0.04472
H 0.79422 2.12043 0.43830
H -1.73385 -1.27444 1.10951
H -1.20233 0.32793 1.60495
H 0.05005 -2.99840 0.31180
H 4.58453 -1.04173 -0.49199
H 3.10351 2.97093 0.08629
H -1.75832 -0.24182 -1.32226
H 4.97077 1.41374 -0.38797