24
 
C 1.32828 0.96602 0.59522
C 1.23013 -1.39871 0.18295
C 2.69597 0.96081 0.31301
C 2.59503 -1.42085 -0.10361
C -0.91708 -0.21306 0.81604
H -1.88888 1.90809 -1.59891
H -2.19498 2.20463 -0.02268
H 5.07163 0.57094 -0.25195
C 0.56954 -0.21085 0.53469
C 3.33170 -0.23453 -0.03938
O -4.10194 0.63519 0.23468
O -3.47608 -1.45261 -0.34002
O 4.67225 -0.30583 -0.32729
C -3.23834 -0.13235 -0.13863
H -4.40878 -1.61839 -0.11757
C -1.77852 0.24415 -0.40135
N -1.60295 1.66751 -0.65384
H -1.44385 -0.31741 -1.27993
H -1.23012 -1.22114 1.10817
H -1.15308 0.45296 1.65576
H 0.84224 1.90174 0.85146
H 0.66876 -2.32936 0.13534
H 3.26543 1.88690 0.36674
H 3.09936 -2.34426 -0.37046